1.000000 -1.000000 -1.000000 1.000000 -1.000000 0.908225 1.000000 1.000000 0.407871
1.000000 -1.000000 -1.000000 1.000000 -1.000000 1.000000 1.000000 1.000000 0.477106
1.000000 -1.000000 -1.000000 1.000000 -1.000000 1.000000 1.000000 1.000000 0.469717
1.000000 -1.000000 -1.000000 1.000000 -1.000000 1.000000 1.000000 1.000000 0.557427
1.000000 -1.000000 -1.000000 1.000000 -1.000000 1.000000 1.000000 1.000000 0.631912
1.000000 -1.000000 -1.000000 1.000000 -1.000000 1.000000 1.000000 1.000000 0.618202
1.000000 -1.000000 -1.000000 1.000000 -1.000000 1.000000 1.000000 1.000000 0.635676
1.000000 -1.000000 -1.000000 1.000000 -1.000000 0.995953 1.000000 1.000000 0.569474
1.000000 -1.000000 -1.000000 1.000000 -1.000000 1.000000 1.000000 1.000000 0.514348
1.000000 -1.000000 -1.000000 1.000000 -1.000000 1.000000 1.000000 1.000000 0.574458
1.000000 -0.691753 -1.000000 1.000000 -1.000000 1.000000 0.899548 1.000000 0.612860
1.000000 -1.000000 -1.000000 1.000000 -1.000000 1.000000 0.814869 1.000000 0.591652
1.000000 -0.959417 -1.000000 1.000000 -1.000000 1.000000 0.875688 1.000000 0.552897
1.000000 -0.904842 -1.000000 1.000000 -1.000000 1.000000 1.000000 1.000000 0.687313
1.000000 -0.686926 -1.000000 1.000000 -1.000000 1.000000 0.933395 1.000000 0.557827
1.000000 -0.658413 -1.000000 1.000000 -1.000000 1.000000 0.716424 1.000000 0.630884
1.000000 -0.590971 -1.000000 1.000000 -1.000000 1.000000 0.951531 1.000000 0.693311
1.000000 -0.183604 -1.000000 1.000000 -1.000000 1.000000 0.748992 1.000000 0.764216
1.000000 -0.413120 -1.000000 1.000000 -1.000000 1.000000 1.000000 1.000000 0.710044
1.000000 -0.696276 -1.000000 1.000000 -1.000000 1.000000 1.000000 1.000000 0.630631
1.000000 -0.514861 -1.000000 1.000000 -1.000000 1.000000 0.790711 1.000000 0.729216
1.000000 -0.508408 -1.000000 1.000000 -1.000000 1.000000 0.969302 1.000000 0.675780
1.000000 -0.474370 -1.000000 1.000000 -1.000000 1.000000 0.687700 1.000000 0.633022
1.000000 -0.239956 -1.000000 1.000000 -1.000000 1.000000 0.758113 1.000000 0.640991
1.000000 -0.174402 -1.000000 1.000000 -1.000000 1.000000 0.838654 1.000000 0.716819
1.000000 -0.628021 -1.000000 1.000000 -1.000000 1.000000 1.000000 1.000000 0.499582
1.000000 -0.379728 -1.000000 1.000000 -1.000000 1.000000 1.000000 1.000000 0.492313
1.000000 -0.292934 -1.000000 1.000000 -1.000000 1.000000 1.000000 1.000000 0.509244
1.000000 -0.532500 -1.000000 1.000000 -1.000000 1.000000 0.546154 1.000000 0.380049
1.000000 -0.187218 -1.000000 1.000000 -1.000000 1.000000 0.581792 1.000000 0.547483
1.000000 -0.313675 -1.000000 1.000000 -1.000000 1.000000 0.676782 1.000000 0.542767
1.000000 -0.656444 -1.000000 1.000000 -1.000000 1.000000 1.000000 1.000000 0.433157
1.000000 -0.160086 -1.000000 1.000000 -1.000000 1.000000 1.000000 1.000000 0.424936
1.000000 -0.154436 -1.000000 1.000000 -1.000000 1.000000 0.750720 1.000000 0.497578
1.000000 -0.158157 -1.000000 1.000000 -1.000000 1.000000 0.283198 1.000000 0.542790
1.000000 -0.607365 -1.000000 1.000000 -1.000000 1.000000 1.000000 1.000000 0.376173
1.000000 -0.374716 -1.000000 1.000000 -1.000000 1.000000 1.000000 1.000000 0.409862
1.000000 -0.116024 -1.000000 1.000000 -1.000000 1.000000 0.892452 1.000000 0.448991
1.000000 -0.707991 -1.000000 1.000000 -1.000000 1.000000 0.956844 1.000000 0.418880
1.000000 -0.009366 -1.000000 1.000000 -1.000000 1.000000 1.000000 1.000000 0.429818
1.000000 -0.171810 -1.000000 1.000000 -1.000000 1.000000 1.000000 1.000000 0.260116
1.000000 -0.305939 -1.000000 1.000000 -1.000000 1.000000 1.000000 1.000000 0.268345
1.000000 -0.612434 -1.000000 1.000000 -1.000000 1.000000 1.000000 1.000000 0.255179
1.000000 -0.603262 -1.000000 1.000000 -1.000000 1.000000 1.000000 1.000000 0.169746
1.000000 -0.617557 -1.000000 1.000000 -1.000000 1.000000 0.981597 1.000000 0.314385
1.000000 -0.419503 -1.000000 1.000000 -1.000000 1.000000 1.000000 1.000000 0.144248
1.000000 -0.315972 -1.000000 1.000000 -1.000000 1.000000 0.958454 1.000000 0.133100
1.000000 -0.557157 -1.000000 1.000000 -1.000000 1.000000 1.000000 1.000000 -0.012904
1.000000 -0.445101 -1.000000 1.000000 -1.000000 1.000000 0.449537 1.000000 -0.024070
1.000000 -0.189549 -1.000000 1.000000 -1.000000 1.000000 0.099436 1.000000 0.137803
1.000000 -0.356982 -1.000000 1.000000 -1.000000 1.000000 1.000000 1.000000 -0.045409
1.000000 -0.571469 -1.000000 1.000000 -1.000000 1.000000 1.000000 1.000000 0.033580
1.000000 -0.752183 -1.000000 1.000000 -1.000000 1.000000 1.000000 1.000000 -0.028941
1.000000 -0.103325 -1.000000 1.000000 -1.000000 1.000000 0.919115 1.000000 -0.060272
1.000000 -0.406551 -1.000000 1.000000 -1.000000 1.000000 0.503422 1.000000 0.071934
1.000000 -0.210688 -1.000000 1.000000 -1.000000 1.000000 1.000000 1.000000 0.016121
1.000000 -0.349673 -1.000000 1.000000 -1.000000 1.000000 1.000000 1.000000 -0.150587
1.000000 -0.987051 -1.000000 1.000000 -1.000000 1.000000 0.194772 1.000000 -0.099796
1.000000 -0.576883 -1.000000 1.000000 -1.000000 1.000000 1.000000 1.000000 -0.237585
1.000000 -0.828882 -1.000000 1.000000 -1.000000 1.000000 1.000000 1.000000 -0.221030
1.000000 -0.825885 -1.000000 1.000000 -1.000000 1.000000 1.000000 1.000000 -0.337610
1.000000 -0.576024 -1.000000 1.000000 -1.000000 1.000000 0.501527 1.000000 -0.311661
1.000000 0.087595 -1.000000 1.000000 -1.000000 1.000000 1.000000 1.000000 -0.351774
1.000000 -0.623557 -1.000000 1.000000 -1.000000 1.000000 1.000000 1.000000 -0.217547
1.000000 -0.851791 -1.000000 1.000000 -1.000000 1.000000 0.591378 1.000000 -0.204061
1.000000 -1.000000 -1.000000 1.000000 -1.000000 1.000000 0.585243 1.000000 -0.288696
1.000000 -0.231449 -1.000000 1.000000 -1.000000 1.000000 0.705162 1.000000 -0.334938
1.000000 -0.441658 -1.000000 1.000000 -1.000000 1.000000 0.986304 1.000000 -0.338903
1.000000 -0.844267 -1.000000 1.000000 -1.000000 1.000000 0.665681 1.000000 -0.208590
1.000000 0.002374 -1.000000 1.000000 -1.000000 1.000000 0.557204 1.000000 -0.450434
1.000000 -0.555357 -1.000000 1.000000 -1.000000 1.000000 1.000000 1.000000 -0.314957
1.000000 -1.000000 -1.000000 1.000000 -1.000000 1.000000 1.000000 1.000000 -0.335599
1.000000 -0.447703 -1.000000 1.000000 -1.000000 1.000000 0.677153 1.000000 -0.326456
1.000000 -1.000000 -1.000000 1.000000 -1.000000 1.000000 1.000000 1.000000 -0.190798
1.000000 -0.850428 -1.000000 1.000000 -1.000000 1.000000 1.000000 1.000000 -0.034967
1.000000 0.665602 -1.000000 0.953723 -1.000000 0.990447 1.000000 1.000000 -0.285788
1.000000 -1.000000 -1.000000 1.000000 -1.000000 1.000000 1.000000 1.000000 -0.079020
1.000000 -0.337944 -1.000000 1.000000 -1.000000 1.000000 0.702013 1.000000 -0.147202
1.000000 -1.000000 -1.000000 1.000000 -1.000000 1.000000 1.000000 1.000000 0.090032
1.000000 0.511961 -1.000000 1.000000 -1.000000 1.000000 0.776989 1.000000 -0.082231
1.000000 -1.000000 -1.000000 1.000000 -1.000000 0.485641 0.389526 0.845403 0.043867
1.000000 0.470288 -1.000000 1.000000 -1.000000 -0.005073 1.000000 1.000000 -0.264334
1.000000 -0.870396 -1.000000 1.000000 -1.000000 0.040241 -0.172025 1.000000 0.213233
1.000000 0.442085 -1.000000 1.000000 -1.000000 0.725190 1.000000 1.000000 -0.158920
1.000000 -1.000000 -1.000000 1.000000 -1.000000 1.000000 0.841158 1.000000 0.626190
1.000000 -0.065863 -1.000000 1.000000 -1.000000 0.425175 0.642810 1.000000 -0.230061
1.000000 -0.701064 -1.000000 1.000000 -1.000000 -0.262433 1.000000 1.000000 0.234745
1.000000 -0.117239 -1.000000 1.000000 -1.000000 0.311197 1.000000 1.000000 0.156185
1.000000 -1.000000 -1.000000 1.000000 -1.000000 1.000000 0.952160 1.000000 0.689258
0.982670 1.000000 -1.000000 -0.782993 -1.000000 -1.000000 -1.000000 1.000000 0.002548
1.000000 -1.000000 -1.000000 1.000000 -1.000000 0.139833 -0.780808 1.000000 1.000000
1.000000 -0.669229 -1.000000 1.000000 -1.000000 -0.242940 -1.000000 -0.691161 0.058931
1.000000 -0.240453 -1.000000 1.000000 -1.000000 0.035899 -1.000000 1.000000 0.393258
-1.000000 1.000000 -1.000000 -0.883329 -1.000000 -0.271802 0.263750 1.000000 -0.094861
1.000000 -1.000000 -1.000000 1.000000 -0.552679 1.000000 -0.748467 1.000000 -1.000000
-1.000000 1.000000 -1.000000 1.000000 -1.000000 0.030796 -0.793135 -1.000000 -1.000000
1.000000 -1.000000 -1.000000 1.000000 -1.000000 1.000000 -1.000000 1.000000 -0.273763
-1.000000 1.000000 -1.000000 1.000000 -1.000000 0.956267 -0.214490 -1.000000 -0.514208
1.000000 -1.000000 -1.000000 1.000000 -0.282928 1.000000 -0.639813 -0.070433 -0.725923
-1.000000 1.000000 -1.000000 1.000000 -0.595098 -1.000000 -0.020522 -1.000000 -0.736655
1.000000 -1.000000 -1.000000 1.000000 -0.315744 1.000000 0.055378 1.000000 -0.438651
-1.000000 1.000000 -1.000000 1.000000 -1.000000 1.000000 0.112418 0.217940 -1.000000
1.000000 -1.000000 -1.000000 1.000000 -0.079691 1.000000 -1.000000 -0.804290 -0.634008
-1.000000 1.000000 -1.000000 -0.279247 -0.078656 -0.485680 -1.000000 -1.000000 -1.000000
1.000000 -1.000000 -1.000000 -0.026760 1.000000 1.000000 0.521594 1.000000 -0.308279
-1.000000 1.000000 -1.000000 1.000000 0.402205 0.691617 -1.000000 -1.000000 -0.935577
1.000000 -1.000000 1.000000 1.000000 -0.705090 1.000000 -1.000000 -1.000000 -0.169290
-1.000000 1.000000 -1.000000 -1.000000 -1.000000 -0.136467 -0.462298 1.000000 -1.000000
1.000000 -1.000000 -1.000000 -0.009316 -0.653478 1.000000 -1.000000 1.000000 -0.454218
-1.000000 1.000000 -1.000000 1.000000 -0.741401 -0.440114 -0.337007 -0.492543 -0.631181
1.000000 -1.000000 -1.000000 1.000000 1.000000 1.000000 -0.296547 1.000000 -0.786859
-1.000000 1.000000 -1.000000 1.000000 1.000000 -0.611356 -0.175984 -1.000000 -0.797473
1.000000 -1.000000 -1.000000 1.000000 -0.826717 1.000000 0.561006 0.450935 -0.313394
-1.000000 1.000000 -1.000000 1.000000 0.462696 -0.283847 0.576646 -1.000000 -0.763103
1.000000 -1.000000 -1.000000 1.000000 -0.505427 1.000000 -1.000000 -0.365851 -0.721209
-1.000000 1.000000 -1.000000 0.709600 0.686754 -1.000000 1.000000 0.175752 -0.845594
1.000000 -1.000000 -0.149850 -1.000000 1.000000 1.000000 -1.000000 0.264081 -0.813029
-1.000000 1.000000 -1.000000 1.000000 1.000000 -0.821930 0.067404 -1.000000 -0.531251
1.000000 -1.000000 1.000000 1.000000 1.000000 1.000000 -1.000000 -1.000000 -0.086107
-1.000000 1.000000 -1.000000 0.472626 -0.690510 -0.285641 -1.000000 -0.035757 -1.000000
1.000000 -1.000000 -0.243827 1.000000 -1.000000 -0.114974 -1.000000 -0.930844 -0.504190
-1.000000 1.000000 -1.000000 1.000000 0.164487 -0.180092 -0.547700 -0.972200 -0.638203
1.000000 -1.000000 1.000000 -1.000000 1.000000 1.000000 -1.000000 1.000000 -0.102181
-1.000000 1.000000 -1.000000 -1.000000 0.764227 -0.143016 1.000000 1.000000 -0.921954
1.000000 -1.000000 1.000000 -0.414970 1.000000 1.000000 -1.000000 0.131055 -0.238280
-1.000000 1.000000 -1.000000 -1.000000 -0.045284 -1.000000 -1.000000 0.511886 -0.672780
1.000000 -1.000000 -1.000000 1.000000 1.000000 1.000000 -0.589083 0.127427 -0.556905
-1.000000 1.000000 -1.000000 1.000000 -0.156123 -1.000000 -1.000000 -1.000000 -0.594942
1.000000 -1.000000 1.000000 1.000000 0.352700 1.000000 -1.000000 0.365770 -0.257517
-1.000000 1.000000 -1.000000 -1.000000 -1.000000 -1.000000 -0.037763 0.891699 -0.154757
1.000000 -1.000000 1.000000 1.000000 -1.000000 1.000000 -0.532499 -1.000000 -0.080369
-1.000000 1.000000 -1.000000 1.000000 -0.765491 0.625251 0.272845 -0.427898 -0.823301
1.000000 -1.000000 1.000000 1.000000 0.764221 0.443925 -1.000000 -1.000000 0.055709
-1.000000 1.000000 -0.387266 -0.074233 -0.846768 -1.000000 -0.933285 -1.000000 0.039627
1.000000 -1.000000 1.000000 1.000000 1.000000 1.000000 -0.495845 -0.146641 -0.783025
-1.000000 1.000000 -0.631912 -0.545336 1.000000 -1.000000 -0.811826 -1.000000 0.179896
1.000000 -1.000000 1.000000 -1.000000 1.000000 -0.538183 -1.000000 -1.000000 0.067233
-1.000000 1.000000 -1.000000 -0.034814 -1.000000 -1.000000 1.000000 0.359253 -0.086850
1.000000 -1.000000 1.000000 -0.195334 1.000000 -0.853532 -1.000000 -0.312274 -0.180689
-1.000000 1.000000 -1.000000 -0.421823 0.824972 -0.936565 -0.444180 -0.501494 -0.683339
1.000000 -1.000000 0.015304 1.000000 -0.230235 0.396065 -0.901932 0.396861 -0.726294
-1.000000 1.000000 -1.000000 1.000000 0.164274 -1.000000 -0.153691 -1.000000 -0.224793
1.000000 -1.000000 -0.103301 -1.000000 0.522364 -0.496483 -1.000000 1.000000 -0.421508
-1.000000 1.000000 -1.000000 1.000000 0.687608 -1.000000 0.273458 -1.000000 -0.757882
1.000000 -1.000000 -1.000000 1.000000 0.725818 0.842119 -0.354293 0.046273 -0.515424
-1.000000 1.000000 -1.000000 -1.000000 1.000000 -1.000000 -0.989279 0.122433 -0.396803
1.000000 -1.000000 1.000000 1.000000 1.000000 1.000000 0.174131 0.452794 -0.341500
-1.000000 1.000000 -0.230775 -0.447924 -1.000000 -1.000000 -0.889854 -0.578391 0.403549
1.000000 -1.000000 1.000000 -0.281502 -0.619735 0.652802 -1.000000 0.702333 -0.492189
-1.000000 1.000000 -1.000000 -0.572989 -0.737737 0.189641 -1.000000 0.161358 -0.811683
1.000000 -1.000000 0.896799 1.000000 1.000000 0.060098 -0.424489 -0.462366 -0.600248
-1.000000 1.000000 -0.153635 1.000000 -1.000000 0.533311 -1.000000 -1.000000 -0.504849
1.000000 -1.000000 1.000000 1.000000 0.482233 1.000000 -1.000000 -0.499263 -0.119601
-1.000000 1.000000 -1.000000 0.163088 -0.471896 -1.000000 -0.209615 -0.525838 -0.027543
1.000000 -1.000000 0.913131 1.000000 0.953205 1.000000 -0.574589 -1.000000 -0.737241
-1.000000 1.000000 -1.000000 -1.000000 0.902305 -1.000000 0.215748 -0.028439 -0.914744
1.000000 -1.000000 1.000000 1.000000 1.000000 1.000000 -1.000000 -0.598960 -0.785507
-1.000000 1.000000 -1.000000 -1.000000 1.000000 -1.000000 1.000000 1.000000 -1.000000
1.000000 -1.000000 0.099117 1.000000 -0.507739 1.000000 -1.000000 -0.109217 -1.000000
-1.000000 1.000000 -1.000000 1.000000 -1.000000 -1.000000 -0.614703 -0.461438 0.276008
1.000000 -1.000000 1.000000 1.000000 -1.000000 0.376260 -0.517511 -0.997468 0.023986
-1.000000 1.000000 -1.000000 -1.000000 0.308404 -1.000000 0.641750 1.000000 -0.467735
1.000000 -1.000000 1.000000 1.000000 -1.000000 0.027576 -0.442282 0.651797 -0.248665
-1.000000 1.000000 -1.000000 0.913876 -0.482664 -1.000000 0.793749 -1.000000 -0.966218
1.000000 -1.000000 -1.000000 -0.153399 1.000000 0.194537 0.474576 1.000000 -0.489414
-1.000000 1.000000 -1.000000 -1.000000 -0.503249 -1.000000 1.000000 0.026179 -0.029325
1.000000 -1.000000 1.000000 1.000000 0.983756 0.198441 -1.000000 -0.604281 0.283635
-1.000000 1.000000 -0.469620 1.000000 -0.973000 0.252963 0.273784 -0.624076 -0.139857
1.000000 -1.000000 1.000000 -1.000000 1.000000 1.000000 -0.750447 1.000000 0.088119
-1.000000 1.000000 -0.585253 -1.000000 0.819049 -0.913512 -0.554698 -0.077846 0.242472
1.000000 -1.000000 0.742085 -1.000000 0.704665 -0.830449 -1.000000 1.000000 -0.381721
-1.000000 1.000000 -1.000000 -1.000000 1.000000 -1.000000 0.644846 0.415517 -0.476786
1.000000 -1.000000 0.309232 -1.000000 1.000000 0.501206 -1.000000 1.000000 -0.808187
-1.000000 1.000000 -0.857256 1.000000 -1.000000 0.659798 -0.161739 -1.000000 -0.247922
1.000000 -1.000000 1.000000 1.000000 -0.904773 1.000000 -1.000000 -1.000000 -0.508304
-1.000000 1.000000 1.000000 1.000000 -1.000000 -0.387018 -1.000000 -1.000000 0.549832
1.000000 -1.000000 0.056940 1.000000 -0.479289 0.547688 -1.000000 -0.831737 -0.331608
-1.000000 1.000000 -1.000000 1.000000 0.881870 1.000000 -1.000000 -1.000000 -0.773136
1.000000 -1.000000 1.000000 1.000000 0.821862 0.796978 -0.856424 -1.000000 -0.529817
-1.000000 1.000000 0.566132 1.000000 0.471924 -0.795595 -1.000000 -1.000000 0.362128
1.000000 -1.000000 1.000000 -1.000000 1.000000 -0.614465 -1.000000 0.803251 -0.197636
-1.000000 1.000000 -1.000000 1.000000 -1.000000 -1.000000 0.568546 0.122001 -0.250593
1.000000 -1.000000 1.000000 1.000000 -1.000000 0.474794 -0.765541 -1.000000 -0.260057
-1.000000 1.000000 -1.000000 -1.000000 -1.000000 -1.000000 -1.000000 1.000000 -0.767356
1.000000 -1.000000 1.000000 -1.000000 1.000000 -1.000000 -0.004893 1.000000 0.189427
-1.000000 1.000000 -0.984246 0.924305 1.000000 -0.666165 1.000000 -1.000000 -0.552377
1.000000 -1.000000 -0.619556 1.000000 1.000000 1.000000 -0.473436 0.160577 -0.119394
-1.000000 1.000000 -1.000000 0.853450 -0.920977 -1.000000 1.000000 -0.147785 -1.000000
1.000000 -1.000000 0.479548 -1.000000 1.000000 -0.870083 0.223001 1.000000 0.189653
-1.000000 1.000000 -1.000000 -0.463994 0.379270 -1.000000 -0.723243 -1.000000 -1.000000
1.000000 -1.000000 1.000000 1.000000 -1.000000 1.000000 -1.000000 0.060167 -0.045240
-1.000000 1.000000 -1.000000 0.598530 -1.000000 -1.000000 -0.470538 -1.000000 -0.797664
1.000000 -1.000000 -1.000000 0.125903 -0.927548 -0.640773 -0.392981 0.659816 -0.217967
-1.000000 1.000000 -0.098272 -0.286230 -0.340159 -0.943520 -1.000000 -1.000000 0.341948
1.000000 -1.000000 1.000000 1.000000 1.000000 1.000000 1.000000 0.426778 0.135829
-1.000000 1.000000 -1.000000 -0.485375 1.000000 -1.000000 0.938032 -0.453623 -0.586902
1.000000 -1.000000 -1.000000 1.000000 0.848247 1.000000 0.970809 1.000000 -0.799461
-1.000000 1.000000 -1.000000 0.419156 1.000000 1.000000 -0.307579 -0.323913 -1.000000
1.000000 -1.000000 1.000000 -0.006954 1.000000 0.756414 -1.000000 -0.751334 -0.115771
-1.000000 1.000000 -1.000000 0.866859 -1.000000 -1.000000 0.853436 -0.242929 0.236488
1.000000 -1.000000 1.000000 1.000000 -1.000000 0.621978 -0.277692 0.740217 -0.091814
-1.000000 1.000000 -0.972848 1.000000 1.000000 0.438014 -0.060607 -1.000000 -1.000000
1.000000 -1.000000 1.000000 1.000000 1.000000 1.000000 -1.000000 -1.000000 -0.166843
-1.000000 1.000000 1.000000 1.000000 -0.062839 -1.000000 0.701691 -1.000000 0.401852
1.000000 -1.000000 0.113305 -1.000000 0.958642 -0.972037 0.145729 1.000000 0.127137
-1.000000 1.000000 -1.000000 0.112745 -0.911588 -1.000000 -1.000000 -1.000000 -0.526144
1.000000 -1.000000 1.000000 -0.917782 1.000000 1.000000 -1.000000 0.840204 -0.003203
-1.000000 1.000000 -1.000000 -1.000000 -0.699253 -0.633729 -1.000000 -0.193519 -0.358453
1.000000 -1.000000 1.000000 -0.982714 1.000000 -0.324344 -0.686746 1.000000 0.125321
-1.000000 1.000000 -1.000000 1.000000 1.000000 0.110877 0.856113 -0.813026 -0.639968
1.000000 -1.000000 1.000000 1.000000 -0.964054 1.000000 -1.000000 -1.000000 0.041326
-1.000000 1.000000 -1.000000 0.632880 -1.000000 -1.000000 0.463472 -0.240570 -0.051895
1.000000 -1.000000 1.000000 1.000000 -1.000000 -1.000000 -1.000000 -1.000000 0.771362
-1.000000 1.000000 -1.000000 1.000000 -1.000000 0.989444 -0.984729 -1.000000 -0.440059
1.000000 -1.000000 -1.000000 -1.000000 0.972688 -1.000000 0.086424 1.000000 0.230257
-1.000000 1.000000 0.526021 1.000000 1.000000 -0.094017 0.630412 -1.000000 -0.276396
1.000000 -1.000000 1.000000 1.000000 -0.094501 0.447378 -1.000000 -0.326636 -0.005107
