-0.670000 0.000000 0.800000 0.000000 1.360000 3.140000
-0.674875 -0.001469 0.826374 0.007595 1.334610 3.133154
-0.679092 -0.002501 0.852320 0.014556 1.308791 3.126163
-0.682849 -0.002982 0.877558 0.021229 1.282936 3.119128
-0.686214 -0.002940 0.902107 0.027688 1.257055 3.112024
-0.689226 -0.002392 0.925973 0.033977 1.231162 3.104845
-0.691972 -0.001414 0.949313 0.040189 1.205180 3.097529
-0.694470 -0.000010 0.972124 0.046350 1.179121 3.090072
-0.696734 0.001823 0.994394 0.052491 1.153011 3.082478
-0.698828 0.004009 1.016290 0.058676 1.126740 3.074665
-0.700690 0.006622 1.037636 0.064861 1.100429 3.066711
-0.702267 0.009729 1.058225 0.070832 1.074579 3.058564
-0.703440 0.013416 1.077953 0.076482 1.049061 3.050397
-0.704581 0.017341 1.097537 0.082457 1.023127 3.041968
-0.705806 0.021400 1.117240 0.089033 0.996436 3.033163
-0.706832 0.025865 1.136394 0.095593 0.969987 3.024103
-0.707302 0.030991 1.154308 0.101428 0.944631 3.015145
-0.708070 0.036119 1.172764 0.108404 0.917922 3.005552
-0.708395 0.041820 1.190149 0.114816 0.892221 2.995960
-0.708975 0.047560 1.208063 0.122470 0.865085 2.985660
-0.730907 0.070433 1.204858 0.158516 0.850452 2.950234
-0.725267 0.072063 1.227094 0.159101 0.821126 2.945281
-0.721329 0.075756 1.247546 0.162577 0.791739 2.938158
-0.717970 0.080861 1.265814 0.166437 0.764224 2.930189
-0.715441 0.086874 1.283266 0.172035 0.736654 2.920743
-0.713531 0.093624 1.300085 0.179269 0.708907 2.909906
-0.712136 0.100931 1.316638 0.188422 0.680475 2.897538
-0.693506 0.113249 1.328494 0.167036 0.649110 2.914612
-0.697959 0.121036 1.344257 0.187519 0.621928 2.891371
-0.700527 0.129853 1.357996 0.204558 0.596940 2.870428
-0.702135 0.139186 1.371227 0.221178 0.571784 2.849845
-0.703065 0.149003 1.384068 0.238175 0.546214 2.828992
-0.703031 0.158534 1.398008 0.256200 0.518482 2.807651
-0.702794 0.168668 1.411129 0.275543 0.491134 2.784943
-0.702205 0.179562 1.422658 0.294671 0.465407 2.761909
-0.701080 0.191245 1.432048 0.311622 0.442325 2.740118
-0.700539 0.203023 1.442667 0.336129 0.416295 2.712137
-0.700001 0.215280 1.452427 0.363272 0.390943 2.681467
-0.699342 0.228081 1.460903 0.392098 0.366890 2.648877
-0.698707 0.241349 1.468582 0.424639 0.343338 2.612659
-0.698160 0.254992 1.475463 0.461363 0.320623 2.572285
-0.697637 0.269063 1.481320 0.502079 0.299035 2.527875
-0.696030 0.278668 1.490580 0.545141 0.276770 2.481050
-0.695830 0.294792 1.493209 0.595476 0.258210 2.426953
-0.695665 0.310972 1.494932 0.650500 0.241203 2.368108
-0.695575 0.327292 1.495593 0.709893 0.225995 2.304800
-0.695652 0.343761 1.495256 0.774321 0.212639 2.236415
-0.695897 0.360441 1.493694 0.841854 0.201444 2.164777
-0.696390 0.377364 1.491099 0.913896 0.192229 2.088626
-0.713618 0.407697 1.465248 0.984918 0.214348 2.011398
-0.709756 0.421724 1.463489 1.024954 0.203458 1.965635
-0.707843 0.436800 1.461893 1.093448 0.194430 1.892878
-0.707065 0.452841 1.458226 1.163492 0.188720 1.818471
-0.707196 0.469681 1.452840 1.233310 0.185868 1.744186
-0.708024 0.487157 1.445897 1.298777 0.185485 1.674000
-0.709165 0.505170 1.436645 1.347449 0.186936 1.619833
-0.697504 0.527225 1.424218 1.391587 0.169638 1.573311
-0.703897 0.545598 1.414562 1.457258 0.180358 1.502244
-0.708904 0.564349 1.401992 1.488275 0.189637 1.464635
-0.713792 0.583775 1.390780 1.541440 0.199453 1.406235
-0.718245 0.603696 1.378748 1.589117 0.209289 1.353367
-0.721888 0.623569 1.366589 1.632951 0.218482 1.304382
-0.725170 0.642013 1.354686 1.661404 0.226987 1.269941
-0.728684 0.662734 1.340982 1.697464 0.236800 1.228744
-0.732141 0.683910 1.326370 1.729694 0.246875 1.191412
-0.735344 0.702481 1.314573 1.755862 0.256367 1.159329
-0.737962 0.716762 1.307638 1.786547 0.265582 1.122405
-0.741365 0.736645 1.294598 1.810477 0.276055 1.092738
-0.744910 0.757214 1.280518 1.835014 0.287341 1.062963
-0.748072 0.776528 1.268293 1.857664 0.298040 1.034437
-0.751122 0.795662 1.256650 1.879639 0.308817 1.006301
-0.754474 0.815652 1.243498 1.902265 0.320803 0.978334
-0.757711 0.835831 1.230155 1.923994 0.332913 0.951269
-0.760630 0.855342 1.218147 1.944188 0.344540 0.925071
-0.763725 0.875465 1.204984 1.964301 0.357034 0.899578
-0.766752 0.895674 1.191819 1.983669 0.369741 0.874805
-0.769590 0.915875 1.178713 2.002294 0.382556 0.850846
-0.772426 0.936368 1.165195 2.019855 0.395477 0.827896
-0.774903 0.956915 1.152000 2.035982 0.407770 0.805833
-0.777503 0.978148 1.137557 2.051877 0.420782 0.784610
-0.788258 1.010006 1.102595 2.023782 0.436897 0.809339
-0.778927 1.031212 1.087660 2.052068 0.431000 0.778049
-0.781631 1.052105 1.075190 2.068173 0.446655 0.759128
-0.783713 1.073087 1.058432 2.069322 0.456443 0.753826
-0.785940 1.095358 1.042765 2.083478 0.470393 0.735131
-0.787840 1.118364 1.024975 2.094907 0.482872 0.718421
-0.789660 1.141879 1.004714 2.099345 0.493641 0.710557
-0.791723 1.166313 0.982216 2.100506 0.504694 0.709029
-0.793556 1.191197 0.958955 2.103293 0.515427 0.704223
-0.795074 1.216623 0.934483 2.107323 0.525412 0.696174
-0.790709 1.229706 0.929499 2.112693 0.529057 0.690290
-0.791905 1.253822 0.900267 2.096256 0.530637 0.703606
-0.790801 1.275870 0.874373 2.090662 0.525722 0.710566
-0.791991 1.300506 0.842303 2.068947 0.525727 0.729626
-0.788697 1.315834 0.831467 2.075492 0.531529 0.722965
-0.789627 1.339077 0.798897 2.055705 0.531092 0.738073
-0.788119 1.362571 0.769126 2.049576 0.524200 0.746364
-0.788968 1.389281 0.731597 2.025625 0.522510 0.765553
-0.787380 1.414620 0.699637 2.024535 0.516712 0.766945
-0.786973 1.433306 0.671806 2.013878 0.514219 0.774900
-0.785997 1.458631 0.633975 1.996220 0.506437 0.800823
-0.787081 1.486247 0.589600 1.966716 0.505031 0.829069
-0.787167 1.518191 0.541989 1.943600 0.501111 0.852455
-0.785522 1.541152 0.501851 1.916061 0.489547 0.880621
-0.780760 1.552915 0.487525 1.912646 0.480344 0.887546
-0.778668 1.564187 0.468456 1.904204 0.481041 0.894740
-0.776876 1.584921 0.427769 1.868864 0.468265 0.932516
-0.780650 1.599597 0.410723 1.860753 0.465497 0.935935
-0.776513 1.615861 0.393074 1.854283 0.464601 0.942228
-0.773950 1.639866 0.355542 1.823497 0.460087 0.970255
-0.773140 1.670687 0.303025 1.779351 0.451918 1.021111
-0.773813 1.689949 0.260978 1.731508 0.450313 1.068629
-0.776404 1.706805 0.222770 1.676197 0.441796 1.136820
-0.769171 1.739779 0.169632 1.641379 0.427419 1.171320
-0.768507 1.758549 0.135050 1.616603 0.423658 1.202849
-0.767626 1.779344 0.101186 1.585875 0.419030 1.231702
-0.767436 1.793775 0.074356 1.565639 0.420134 1.259858
-0.763357 1.797881 0.067475 1.555931 0.414493 1.265791
-0.761990 1.805396 0.050432 1.534342 0.408571 1.294015
-0.765845 1.812793 0.037597 1.517152 0.405237 1.307230
-0.763412 1.826681 0.019734 1.498225 0.400285 1.326890
-0.763666 1.842101 0.002062 1.483463 0.394087 1.341748
-0.761648 1.850161 -0.009945 1.468339 0.385888 1.359173
-0.761564 1.858035 -0.022591 1.450580 0.386089 1.371725
-0.757504 1.870038 -0.041653 1.442253 0.384493 1.384316
-0.758029 1.878627 -0.056310 1.420949 0.381995 1.401521
-0.752062 1.888483 -0.065577 1.408810 0.375861 1.416357
-0.751028 1.890101 -0.070102 1.398612 0.371213 1.423145
-0.748998 1.892478 -0.069128 1.391290 0.362536 1.433247
-0.753103 1.903697 -0.083527 1.377778 0.363532 1.440867
-0.747587 1.919161 -0.099222 1.371323 0.359475 1.451620
-0.750942 1.935268 -0.119824 1.360612 0.356759 1.458495
-0.749279 1.946109 -0.126584 1.373230 0.347677 1.445363
-0.752832 1.951383 -0.132592 1.360357 0.342799 1.455581
-0.749721 1.963643 -0.140916 1.353078 0.332599 1.466155
-0.754158 1.971587 -0.152151 1.342861 0.331702 1.472118
-0.748256 1.971172 -0.149297 1.330837 0.319446 1.488676
-0.745629 1.981015 -0.164992 1.294828 0.312022 1.527642
-0.742495 1.994075 -0.173620 1.312192 0.306725 1.516030
-0.743577 2.000469 -0.184150 1.281993 0.305432 1.548043
-0.738282 2.003514 -0.184755 1.274430 0.295812 1.559970
-0.740709 2.009150 -0.186916 1.276462 0.294424 1.553565
-0.738809 2.007485 -0.178529 1.284765 0.284901 1.549440
-0.735456 2.014130 -0.186398 1.264095 0.283294 1.570015
-0.738664 2.003489 -0.161111 1.295018 0.279394 1.546897
-0.730331 2.004119 -0.160254 1.283065 0.259916 1.553661
-0.724070 2.004396 -0.159409 1.269000 0.253673 1.570676
-0.729248 2.014875 -0.177102 1.259915 0.257903 1.576111
-0.727037 2.028790 -0.187327 1.253655 0.251683 1.584925
-0.728886 2.047228 -0.208344 1.238456 0.252971 1.595198
-0.722742 2.055563 -0.211758 1.236893 0.243194 1.595504
-0.727375 2.059657 -0.217320 1.227176 0.243105 1.603855
-0.727317 2.067188 -0.217673 1.236414 0.233263 1.591617
-0.731200 2.075616 -0.225716 1.229795 0.230231 1.592712
-0.727203 2.078676 -0.221495 1.239471 0.220873 1.587253
-0.730640 2.084772 -0.229750 1.224657 0.216525 1.598497
-0.724168 2.087849 -0.230197 1.222287 0.208373 1.606689
-0.728357 2.092355 -0.236198 1.205095 0.206194 1.618527
-0.723924 2.099841 -0.244830 1.206516 0.204677 1.623085
-0.725765 2.107036 -0.247675 1.213293 0.200074 1.610491
-0.724531 2.107525 -0.237612 1.233812 0.192682 1.592072
-0.727544 2.119603 -0.246966 1.232081 0.187486 1.591912
-0.723138 2.128047 -0.254658 1.233887 0.185721 1.595018
-0.729508 2.144065 -0.273752 1.228570 0.192177 1.596405
-0.727646 2.146278 -0.267992 1.255323 0.182975 1.576190
-0.724591 2.152153 -0.274377 1.257185 0.180641 1.574966
-0.718566 2.162223 -0.281730 1.263165 0.173441 1.576389
-0.723228 2.163460 -0.281378 1.248185 0.172138 1.588012
-0.723236 2.171848 -0.284081 1.273425 0.165076 1.563330
-0.723062 2.184094 -0.299889 1.245369 0.165497 1.585980
-0.716953 2.183651 -0.294667 1.232381 0.157452 1.602597
-0.716671 2.190063 -0.299815 1.207327 0.159619 1.626859
-0.710790 2.192183 -0.299183 1.211080 0.154179 1.629116
-0.708467 2.198116 -0.305055 1.188410 0.152700 1.647718
-0.706319 2.202935 -0.302177 1.214124 0.141111 1.621475
-0.708982 2.212313 -0.306919 1.214293 0.134583 1.616456
-0.717470 2.212407 -0.291867 1.243349 0.139473 1.588289
-0.711422 2.216080 -0.287668 1.235532 0.117975 1.591183
-0.709350 2.213105 -0.282375 1.230423 0.108306 1.593359
-0.713833 2.217763 -0.286809 1.219787 0.105622 1.599732
-0.718034 2.218996 -0.283000 1.218039 0.104029 1.601410
-0.718669 2.224830 -0.287248 1.195776 0.106500 1.621867
-0.719017 2.230383 -0.289006 1.218411 0.105956 1.603126
-0.722371 2.240706 -0.295385 1.218607 0.101483 1.600025
-0.716756 2.247611 -0.294562 1.220249 0.097872 1.599412
-0.718165 2.256303 -0.303432 1.203055 0.102922 1.617572
-0.717140 2.253998 -0.299634 1.207306 0.097601 1.619581
-0.718198 2.254334 -0.299169 1.206429 0.095291 1.615939
-0.717740 2.260300 -0.301771 1.229297 0.093538 1.598655
-0.717337 2.267278 -0.308397 1.217265 0.096650 1.612433
-0.711198 2.264727 -0.296430 1.219811 0.085310 1.614908
-0.716478 2.270101 -0.294210 1.241285 0.085153 1.585575
-0.713279 2.269828 -0.284923 1.254238 0.076675 1.577155
-0.710750 2.273621 -0.283001 1.264565 0.074925 1.567631
-0.711462 2.270565 -0.269348 1.279001 0.070996 1.554256
-0.718342 2.270466 -0.271077 1.303681 0.076617 1.524872
-0.714023 2.272295 -0.270180 1.308964 0.071633 1.527287
-0.715230 2.275108 -0.276292 1.316276 0.074146 1.517457
-0.713427 2.274264 -0.273711 1.316408 0.068070 1.515222
-0.714217 2.270109 -0.261427 1.319951 0.062061 1.507892
-0.714036 2.270055 -0.254446 1.343920 0.061300 1.488901
-0.720940 2.270182 -0.247725 1.379183 0.067011 1.446661
-0.719361 2.267288 -0.243202 1.379126 0.059780 1.447932
-0.723541 2.268650 -0.242325 1.372165 0.056008 1.449826
-0.727633 2.276145 -0.247953 1.374595 0.056531 1.451830
-0.725898 2.270208 -0.234487 1.385563 0.058576 1.442576
-0.720861 2.269887 -0.225439 1.390349 0.049193 1.442281
-0.720517 2.270176 -0.219721 1.391061 0.047999 1.434988
-0.719326 2.266762 -0.202359 1.405556 0.051872 1.424436
-0.712978 2.272520 -0.204122 1.384005 0.039489 1.442649
-0.712506 2.273738 -0.208696 1.385593 0.036386 1.444608
-0.716482 2.270380 -0.197505 1.403895 0.032678 1.421230
-0.715765 2.277696 -0.203424 1.408709 0.032425 1.421015
-0.721163 2.270371 -0.184214 1.424545 0.032903 1.404741
-0.718502 2.276069 -0.187617 1.425474 0.023515 1.402304
-0.713179 2.275216 -0.184177 1.425085 0.023283 1.406222
-0.716660 2.277199 -0.187118 1.425219 0.022929 1.408087
