0.14393784291375783
0.13753109212427073
0.1573246551782863
0.15577076283478658
0.15737810622859622
0.04725846514483431
0.08918243017821198
0.028793116668531737
0.10707046695004874
0.10279282560302117
0.09465081998379593
0.10045455637996015
0.07280969003227528
0.10534642079354033
0.09896960944768671
0.157509348933559
0.15752453405807998
0.1575580419855035
0.0421848105898065
0.07722570379130592
0.03863906387472313
0.15742302420912652
0.026328642577502587
0.02976152952390826
0.10554985495382765
0.10535173482284202
0.10523676815066285
0.10660854269172848
0.10457160802875505
0.07351162706715825
0.10540516661542673
0.08937493955572082
0.10341967105439442
0.11351707278020051
0.11172909494260702
0.10897478546607758
0.10418722726387039
0.10090952862782897
0.09643446230348068
0.09158563104942391
0.0895570127327756
0.08437581949967321
0.08102027560162674
0.04079747183816976
0.15623076694137614
0.15622169535327218
0.15620756401213037
0.045324236980747806
0.1224956450208135
0.04449777834051116
0.08413874332096644
0.05132284168977949
0.12376469332024109
0.08315646456553599
