0.09627326163116345
0.060317997852477406
0.08441810271421653
0.14410052483359856
0.07773672142548174
0.1150734729189921
0.09652509609748312
0.05579049511323242
0.21516944512460376
0.13116302403380475
0.16167103013531314
0.15765659401992335
0.09820096200001366
0.1348363107123329
0.17112739204916239
0.061331383305130584
0.059433242740014144
0.05524475181206681
0.06141940014611958
0.08447515863618651
0.05286334249356877
0.0721219738591961
0.050996473052702336
0.06148019482827522
0.10312042223010603
0.13314514820106915
0.14628009536251824
0.17591077808140684
0.22795139891203925
0.1261877404430035
0.5497525921668148
0.11351897656740174
0.27692391147921464
0.17059605391537797
0.16129292380557778
0.15089556721318872
0.13910140180335395
0.13026769958666307
0.12179377427305803
0.11246569862601588
0.10767740038826473
0.10057124804655132
0.09589382929394387
0.054586941243794075
0.2211541323279805
0.22228808084097293
0.22405449848369507
0.15333895924998062
0.26241209656529313
0.1516507184028146
0.17438616073908447
0.09896482429260565
0.2646413103436197
0.12904391008927044
